# unix_time, cycles_done, cur_path, paths_total, pending_total, pending_favs, map_size, unique_crashes, unique_hangs, max_depth, execs_per_sec
13247215207, 0, 0, 1, 1, 1, 0.07%, 0, 0, 1, 98.04
13247215212, 0, 0, 15, 15, 1, 0.09%, 0, 0, 2, 125.51
13247215217, 0, 0, 26, 26, 1, 0.09%, 0, 0, 2, 150.68
13247215223, 0, 0, 30, 30, 1, 0.09%, 0, 0, 2, 162.70
13247215233, 0, 0, 33, 33, 1, 0.09%, 0, 0, 2, 181.97
13247215239, 0, 0, 36, 36, 1, 0.09%, 0, 0, 2, 192.84
13247215244, 0, 0, 39, 39, 1, 0.09%, 0, 0, 2, 195.41
13247215249, 0, 0, 40, 40, 1, 0.09%, 0, 0, 2, 193.77
13247215260, 0, 0, 42, 42, 1, 0.09%, 0, 0, 2, 189.96
13247215271, 0, 0, 43, 43, 1, 0.09%, 0, 0, 2, 178.72
13247215287, 0, 0, 44, 44, 1, 0.09%, 0, 0, 2, 224.11
13247215303, 0, 0, 45, 45, 1, 0.09%, 0, 0, 2, 206.52
13247215308, 0, 0, 46, 46, 1, 0.09%, 0, 0, 2, 203.21
13247215394, 0, 14, 47, 46, 5, 0.09%, 0, 0, 2, 196.42
13247215404, 0, 17, 47, 45, 4, 0.09%, 0, 0, 2, 195.45
13247215414, 0, 22, 47, 43, 2, 0.09%, 0, 0, 2, 193.90
13247215420, 0, 22, 48, 44, 2, 0.09%, 0, 0, 3, 192.28
13247215425, 0, 22, 49, 45, 2, 0.09%, 0, 0, 3, 197.77
13247215436, 0, 25, 49, 44, 1, 0.09%, 0, 0, 3, 197.43
13247215446, 0, 48, 49, 43, 0, 0.09%, 0, 0, 3, 203.28
13247215478, 1, 8, 49, 42, 0, 0.09%, 0, 0, 3, 189.19
13247215489, 1, 10, 49, 41, 0, 0.09%, 0, 0, 3, 196.58
13247215499, 1, 11, 49, 40, 0, 0.09%, 0, 0, 3, 194.16
13247215504, 1, 12, 49, 39, 0, 0.09%, 0, 0, 3, 197.41
13247215515, 1, 17, 49, 38, 0, 0.09%, 0, 0, 3, 199.38
13247215520, 1, 25, 50, 39, 0, 0.09%, 0, 0, 3, 197.00
13247215526, 1, 27, 50, 39, 0, 0.09%, 0, 0, 3, 196.95
13247215541, 1, 29, 50, 38, 0, 0.09%, 0, 0, 3, 196.89
13247215574, 1, 36, 50, 37, 0, 0.09%, 0, 0, 3, 179.67
13247215600, 1, 40, 50, 36, 0, 0.09%, 0, 0, 3, 212.16
13247215605, 1, 40, 52, 38, 0, 0.09%, 0, 0, 3, 216.47
13247215615, 1, 43, 52, 37, 0, 0.09%, 0, 0, 3, 226.49
13247215626, 1, 44, 52, 36, 0, 0.09%, 0, 0, 3, 230.98
13247215657, 1, 47, 52, 35, 0, 0.09%, 0, 0, 3, 227.19
13247215673, 1, 51, 52, 34, 0, 0.09%, 0, 0, 3, 226.77
13247215689, 2, 2, 52, 33, 0, 0.09%, 0, 0, 3, 233.05
13247215699, 2, 4, 52, 32, 0, 0.09%, 0, 0, 3, 238.51
13247215704, 2, 5, 52, 31, 0, 0.09%, 0, 0, 3, 228.69
13247215715, 2, 12, 52, 30, 0, 0.09%, 0, 0, 3, 219.66
13247215720, 2, 13, 52, 30, 0, 0.09%, 0, 0, 3, 219.47
13247215725, 2, 14, 52, 29, 0, 0.09%, 0, 0, 3, 221.28
13247215731, 2, 28, 52, 29, 0, 0.09%, 0, 0, 3, 219.54
13247215747, 2, 32, 52, 28, 0, 0.09%, 0, 0, 3, 218.86
13247215768, 2, 33, 52, 27, 0, 0.09%, 0, 0, 3, 221.65
13247215779, 2, 38, 52, 26, 0, 0.09%, 0, 0, 3, 219.03
13247215811, 3, 11, 53, 26, 0, 0.09%, 0, 0, 3, 230.02
13247215816, 3, 52, 54, 27, 1, 0.09%, 0, 0, 3, 233.49
13247216223, 4, 6, 54, 26, 0, 0.09%, 0, 0, 3, 221.99
13247216234, 4, 7, 57, 28, 0, 0.09%, 0, 0, 3, 222.57
13247216244, 4, 9, 57, 27, 0, 0.09%, 0, 0, 3, 227.67
13247216255, 4, 10, 57, 26, 0, 0.09%, 0, 0, 3, 225.20
13247216260, 4, 14, 58, 27, 0, 0.09%, 0, 0, 3, 226.96
13247216265, 4, 15, 58, 27, 0, 0.09%, 0, 0, 3, 219.73
13247216276, 4, 17, 59, 27, 0, 0.09%, 0, 0, 3, 227.18
13247216281, 4, 19, 59, 27, 0, 0.09%, 0, 0, 3, 230.10
13247216291, 4, 21, 59, 26, 0, 0.09%, 0, 0, 3, 228.87
13247216308, 4, 23, 59, 25, 0, 0.09%, 0, 0, 3, 220.23
13247216328, 4, 31, 59, 24, 0, 0.09%, 0, 0, 3, 230.74
13247216344, 4, 35, 59, 23, 0, 0.09%, 0, 0, 3, 230.26
13247216365, 4, 35, 60, 24, 0, 0.09%, 0, 0, 3, 234.38
13247216376, 4, 37, 60, 23, 0, 0.09%, 0, 0, 3, 233.87
13247216386, 4, 42, 60, 22, 0, 0.09%, 0, 0, 3, 233.58
13247216397, 4, 45, 60, 21, 0, 0.09%, 0, 0, 3, 229.57
13247216434, 4, 46, 60, 20, 0, 0.09%, 0, 0, 3, 231.79
13247216439, 4, 52, 60, 19, 0, 0.09%, 0, 0, 3, 231.92
13247216444, 4, 57, 60, 19, 0, 0.09%, 0, 0, 3, 235.20
13247216581, 4, 59, 60, 18, 0, 0.09%, 0, 0, 3, 234.38
13247216836, 5, 14, 60, 17, 0, 0.09%, 0, 0, 3, 192.72
13247216841, 5, 16, 60, 17, 0, 0.09%, 0, 0, 3, 200.37
13247216852, 5, 17, 60, 16, 0, 0.09%, 0, 0, 3, 207.63
13247216857, 5, 18, 60, 16, 0, 0.09%, 0, 0, 3, 218.14
13247216878, 5, 25, 60, 15, 0, 0.09%, 0, 0, 3, 229.30
13247216883, 5, 34, 60, 15, 0, 0.09%, 0, 0, 3, 226.43
13247216894, 5, 52, 60, 14, 0, 0.09%, 0, 0, 3, 231.26
13247216899, 5, 55, 60, 14, 0, 0.09%, 0, 0, 3, 227.90
13247217021, 6, 1, 60, 13, 0, 0.09%, 0, 0, 3, 202.20
13247217032, 6, 4, 60, 12, 0, 0.09%, 0, 0, 3, 208.97
13247217037, 6, 11, 60, 12, 0, 0.09%, 0, 0, 3, 214.01
13247217042, 6, 17, 60, 12, 0, 0.09%, 0, 0, 3, 223.99
13247217047, 6, 27, 60, 12, 0, 0.09%, 0, 0, 3, 229.37
13247217053, 6, 43, 60, 12, 0, 0.09%, 0, 0, 3, 227.63
13247217058, 6, 53, 60, 12, 0, 0.09%, 0, 0, 3, 209.63
13247217173, 6, 58, 60, 11, 0, 0.09%, 0, 0, 3, 236.18
13247217321, 7, 14, 60, 10, 0, 0.09%, 0, 0, 3, 240.86
13247217326, 7, 20, 60, 10, 0, 0.09%, 0, 0, 3, 229.10
13247217331, 7, 30, 60, 10, 0, 0.09%, 0, 0, 3, 227.66
13247217352, 7, 49, 60, 9, 0, 0.09%, 0, 0, 3, 236.06
13247217384, 7, 56, 60, 8, 0, 0.09%, 0, 0, 3, 209.41
13247217638, 8, 11, 60, 7, 0, 0.09%, 0, 0, 3, 190.30
13247217644, 8, 14, 60, 7, 0, 0.09%, 0, 0, 3, 190.62
13247217649, 8, 20, 60, 7, 0, 0.09%, 0, 0, 3, 190.51
13247217654, 8, 24, 60, 7, 0, 0.09%, 0, 0, 3, 189.48
13247217676, 8, 35, 60, 6, 0, 0.09%, 0, 0, 3, 181.46
13247217681, 8, 45, 60, 6, 0, 0.09%, 0, 0, 3, 191.74
13247217687, 8, 52, 60, 6, 0, 0.09%, 0, 0, 3, 198.54
13247217692, 8, 53, 60, 6, 0, 0.09%, 0, 0, 3, 207.84
13247217697, 8, 56, 60, 6, 0, 0.09%, 0, 0, 3, 220.20
13247217702, 9, 14, 60, 6, 0, 0.09%, 0, 0, 3, 227.12
13247217707, 9, 22, 60, 6, 0, 0.09%, 0, 0, 3, 227.09
13247217712, 9, 41, 60, 6, 0, 0.09%, 0, 0, 3, 232.21
13247217723, 9, 52, 60, 5, 0, 0.09%, 0, 0, 3, 232.42
13247217729, 10, 4, 60, 5, 0, 0.09%, 0, 0, 3, 230.62
13247217734, 10, 13, 60, 5, 0, 0.09%, 0, 0, 3, 234.82
13247217739, 10, 17, 60, 5, 0, 0.09%, 0, 0, 3, 238.33
13247217744, 10, 22, 60, 5, 0, 0.09%, 0, 0, 3, 238.37
13247217750, 10, 39, 60, 5, 0, 0.09%, 0, 0, 3, 231.99
13247217760, 10, 44, 60, 4, 0, 0.09%, 0, 0, 3, 239.17
13247217765, 11, 3, 60, 4, 0, 0.09%, 0, 0, 3, 240.08
13247217776, 11, 11, 60, 3, 0, 0.09%, 0, 0, 3, 239.93
13247217781, 11, 17, 60, 3, 0, 0.09%, 0, 0, 3, 241.08
13247217786, 11, 33, 60, 3, 0, 0.09%, 0, 0, 3, 241.41
13247217792, 11, 52, 60, 3, 0, 0.09%, 0, 0, 3, 232.57
13247217797, 11, 53, 60, 3, 0, 0.09%, 0, 0, 3, 235.49
13247217802, 11, 54, 60, 3, 0, 0.09%, 0, 0, 3, 239.91
13247218724, 12, 7, 60, 2, 0, 0.09%, 0, 0, 3, 198.18
13247218729, 12, 11, 60, 2, 0, 0.09%, 0, 0, 3, 200.69
13247218735, 12, 17, 60, 2, 0, 0.09%, 0, 0, 3, 210.25
13247218740, 12, 32, 60, 2, 0, 0.09%, 0, 0, 3, 216.79
13247218745, 12, 52, 60, 2, 0, 0.09%, 0, 0, 3, 221.26
13247218751, 13, 14, 60, 2, 0, 0.09%, 0, 0, 3, 216.18
13247218756, 13, 17, 60, 2, 0, 0.09%, 0, 0, 3, 211.02
13247218761, 13, 52, 60, 2, 0, 0.09%, 0, 0, 3, 206.01
13247218766, 14, 11, 60, 2, 0, 0.09%, 1, 0, 3, 193.38
13247218771, 14, 13, 60, 2, 0, 0.09%, 1, 0, 3, 188.96
13247218777, 14, 14, 60, 2, 0, 0.09%, 1, 0, 3, 192.12
13247218782, 14, 22, 60, 2, 0, 0.09%, 1, 0, 3, 197.20
13247218787, 14, 25, 60, 2, 0, 0.09%, 1, 0, 3, 199.32
13247218792, 14, 50, 60, 2, 0, 0.09%, 1, 0, 3, 208.05
13247218830, 15, 3, 60, 1, 0, 0.09%, 1, 0, 3, 225.09
13247218835, 15, 14, 60, 1, 0, 0.09%, 1, 0, 3, 230.34
13247218840, 15, 22, 60, 1, 0, 0.09%, 1, 0, 3, 232.95
13247218846, 16, 11, 60, 1, 0, 0.09%, 1, 0, 3, 233.89
13247218851, 16, 17, 60, 1, 0, 0.09%, 1, 0, 3, 222.87
13247218857, 16, 25, 60, 1, 0, 0.09%, 1, 0, 3, 209.19
13247218862, 16, 57, 60, 1, 0, 0.09%, 1, 0, 3, 199.56
13247218867, 17, 11, 60, 1, 0, 0.09%, 1, 0, 3, 184.08
13247218873, 17, 14, 60, 1, 0, 0.09%, 1, 0, 3, 165.45
13247218878, 17, 17, 60, 1, 0, 0.09%, 1, 0, 3, 168.09
13247218883, 17, 23, 60, 1, 0, 0.09%, 1, 0, 3, 164.61
13247218889, 17, 27, 60, 1, 0, 0.09%, 1, 0, 3, 171.95
13247218894, 18, 11, 60, 1, 0, 0.09%, 1, 0, 3, 180.06
13247218899, 18, 14, 60, 1, 0, 0.09%, 1, 0, 3, 51.50
13247218904, 18, 20, 60, 1, 0, 0.09%, 1, 0, 3, 92.71
13247218909, 18, 25, 60, 1, 0, 0.09%, 1, 0, 3, 128.88
13247218914, 18, 43, 60, 1, 0, 0.09%, 1, 0, 3, 150.99
13247218920, 18, 52, 60, 1, 0, 0.09%, 1, 0, 3, 156.13
13247218925, 19, 9, 60, 1, 0, 0.09%, 1, 0, 3, 167.01
13247218930, 19, 11, 60, 1, 0, 0.09%, 1, 0, 3, 183.12
13247218936, 19, 17, 60, 1, 0, 0.09%, 1, 0, 3, 194.45
13247218941, 19, 47, 60, 1, 0, 0.09%, 1, 0, 3, 205.52
13247218946, 20, 11, 60, 1, 0, 0.09%, 1, 0, 3, 208.87
13247218951, 20, 17, 60, 1, 0, 0.09%, 1, 0, 3, 208.32
13247218956, 20, 25, 60, 1, 0, 0.09%, 1, 0, 3, 214.75
13247218962, 20, 47, 60, 1, 0, 0.09%, 1, 0, 3, 217.61
13247218967, 20, 55, 60, 1, 0, 0.09%, 1, 0, 3, 222.51
13247218972, 21, 10, 60, 1, 0, 0.09%, 1, 0, 3, 227.15
13247218977, 21, 14, 60, 1, 0, 0.09%, 1, 0, 3, 230.21
13247218982, 21, 17, 60, 1, 0, 0.09%, 1, 0, 3, 225.99
13247218988, 21, 25, 60, 1, 0, 0.09%, 1, 0, 3, 226.23
13247218993, 22, 11, 60, 1, 0, 0.09%, 1, 0, 3, 230.81
13247218998, 22, 15, 60, 1, 0, 0.09%, 1, 0, 3, 234.63
13247219003, 22, 17, 60, 1, 0, 0.09%, 1, 0, 3, 237.75
13247219009, 22, 31, 60, 1, 0, 0.09%, 1, 0, 3, 228.48
13247219014, 22, 41, 60, 1, 0, 0.09%, 1, 0, 3, 232.45
13247219019, 22, 57, 60, 1, 0, 0.09%, 1, 0, 3, 236.41
13247219024, 23, 14, 60, 1, 0, 0.09%, 1, 0, 3, 235.84
13247219030, 23, 22, 60, 1, 0, 0.09%, 1, 0, 3, 43.36
